  22832791.867     -16066.234    -12744.129     22832790.820         405.004   
  22832714.703     -16471.762    -13060.125     22832713.531         405.527   
  22832637.977     -16877.844    -13376.547     22832636.250         406.082   
  22832559.828     -17284.469    -13693.402     22832558.668         406.625   
  22832482.805     -17691.660    -14010.691     22832481.535         407.191   
  22832405.406     -18099.309    -14328.348     22832403.844         407.648   
  22832327.070     -18507.477    -14646.398     22832325.824         408.168   
  22832250.508     -18916.063    -14964.781     22832248.238         408.586   
  22832171.492     -19325.082    -15283.492     22832170.539         409.020   
  22832093.563     -19729.480    -15602.504     22832091.855         409.398   
  22832016.000     -20139.309    -15921.844     22832014.375         409.828   
  22831937.734     -20549.594    -16241.555     22831936.039         410.285   
  22831859.594     -20960.219    -16561.523     22831858.371         410.625   
  22831781.727     -21371.297    -16881.840     22831779.977         411.078   
  22831703.266     -21782.621    -17197.359     22831701.355         411.324   
  22831624.797     -22194.281    -17518.129     22831623.453         411.660   
  22831546.547     -22606.324    -17839.207     22831544.680         412.043   
  22831468.055     -23018.715    -18160.547     22831466.234         412.391   
  22831389.461     -23431.398    -18482.117     22831388.199         412.684   
  22831310.602     -23841.414    -18803.945     22831309.270         413.016   
  22831231.906     -24254.734    -19126.020     22831230.758         413.320   
  22831153.117     -24668.367    -19448.328     22831151.941         413.633   
  22831074.172     -25082.324    -19770.898     22831072.945         413.957   
  22830995.500     -25496.641    -20093.742     22830994.512         414.316   
  22830917.125     -25911.223    -20406.789     22830915.703         414.582   
  22830837.711     -26326.070    -20730.047     22830836.535         414.848   
  22830758.977     -26741.242    -21053.551     22830757.594         415.172   
  22830679.500     -27156.609    -21377.211     22830678.168         415.367   
  22830600.586     -27572.359    -21701.172     22830599.355         415.750   
  22830521.414     -27988.387    -22025.348     22830519.895         416.027    